0.000000 0.0000000 0.0000000 0.0000000 -0.0000000 -0.0000000 -0.0000000 1.0000000
37.000000 -0.0174161 -0.0120735 0.0838170 -0.0094512 0.0722114 0.0131987 0.9972572
39.000000 -0.0199649 -0.0115217 0.0864312 -0.0085530 0.0792335 0.0145128 0.9967138
43.000000 -0.0107380 -0.0161154 0.1153336 -0.0024880 0.1086622 0.0186215 0.9939012
47.000000 0.0009188 -0.0069004 0.1451497 0.0026394 0.1483054 0.0282870 0.9885335
57.000000 0.0354266 -0.0480183 0.2312833 -0.0105208 0.2156929 0.0555667 0.9748222
72.000000 0.0369736 -0.0206147 0.3293456 -0.0241755 0.2758055 0.0571301 0.9592096
81.000000 0.0009035 -0.0894031 0.3857760 -0.0305070 0.2681515 0.0750026 0.9599681
88.000000 -0.0478375 -0.0963841 0.4318862 -0.0416381 0.1824751 0.0617961 0.9803828
89.000000 -0.0573425 -0.0997623 0.4594314 -0.0417456 0.1516696 0.0571834 0.9858924
102.000000 -0.1094714 -0.0612848 0.5290136 -0.0096123 0.0143452 0.0195149 0.9996605
114.000000 -0.1330177 -0.0660524 0.6254767 0.0165857 -0.1054381 0.0189118 0.9941077
133.000000 -0.1225516 -0.0787226 0.7599531 0.0386878 -0.2079803 -0.0019874 0.9773656
161.000000 -0.1680159 -0.0867390 0.8888357 0.0715505 -0.3222466 -0.0223203 0.9436840
184.000000 -0.1944102 -0.1060489 1.0074867 0.0480914 -0.2655984 -0.0213595 0.9626466
203.000000 -0.1754595 -0.1335088 1.1481670 0.0526456 -0.1908501 -0.0143044 0.9801021
233.000000 -0.1481488 -0.1572380 1.3204719 0.0535967 -0.0861464 -0.0012040 0.9948391
257.000000 -0.1421005 -0.1626122 1.4309311 0.0313150 0.0277875 0.0314647 0.9986277
313.000000 -0.0402622 -0.1676395 1.6693599 0.0295352 0.2339550 0.0544457 0.9702723
330.000000 -0.0395332 -0.1592343 1.7271233 0.0371048 0.2859119 0.0492402 0.9562704
350.000000 -0.0681923 -0.1556088 1.7851222 0.0372196 0.2992004 0.0362053 0.9527765
359.000000 -0.0750348 -0.1814513 1.7950145 0.0283923 0.2812440 0.0509193 0.9578637
364.000000 -0.0803972 -0.1788201 1.8001738 0.0281219 0.2477165 0.0465187 0.9673064
367.000000 -0.0814654 -0.1877061 1.8076373 0.0253444 0.2210922 0.0490792 0.9736874
407.000000 -0.1260735 -0.1645480 1.9010379 0.0389083 -0.0852877 0.0265500 0.9952423
408.000000 -0.1254754 -0.1680761 1.8987968 0.0405134 -0.1016548 0.0253450 0.9936713
412.000000 -0.1318556 -0.1721665 1.9166477 0.0444512 -0.1224733 0.0188556 0.9912966
431.000000 -0.1343786 -0.1796200 1.9623780 0.0534491 -0.2140630 0.0045978 0.9753457
459.000000 -0.1992626 -0.1998975 2.0985606 0.0507253 -0.2158009 0.0078895 0.9750870
481.000000 -0.1978075 -0.2035623 2.2216384 0.0495861 -0.1069715 0.0210957 0.9928007
486.000000 -0.1896659 -0.2123243 2.2544754 0.0425237 -0.0754941 0.0189573 0.9960588
559.000000 -0.1375944 -0.2243498 2.6032751 0.0280084 0.3215345 0.0631651 0.9443735
648.000000 -0.2200960 -0.2788002 3.0360861 0.0397287 -0.1917479 0.0074453 0.9806115
650.000000 -0.2235392 -0.2771996 3.0468400 0.0419496 -0.1951832 0.0078490 0.9798378
663.000000 -0.2120182 -0.2833141 3.1287336 0.0589514 -0.2486512 0.0016447 0.9667960
668.000000 -0.1976425 -0.2900328 3.1486788 0.0642065 -0.2723847 -0.0027742 0.9600398
765.000000 -0.1694907 -0.3238467 3.6297040 0.0497831 0.1944886 0.0471760 0.9785041
772.000000 -0.1583296 -0.3301520 3.6519153 0.0457374 0.2277279 0.0522218 0.9712471
824.000000 -0.2269779 -0.3511395 3.7889719 0.0508776 0.0768972 0.0464683 0.9946553
888.000000 -0.2297272 -0.3710973 4.0555434 0.0589380 -0.1092438 0.0172151 0.9921168
926.000000 -0.2382881 -0.3937068 4.2462125 0.0531123 -0.0061641 0.0309922 0.9980885
986.000000 -0.2122013 -0.3950714 4.5061340 0.0499726 0.1776682 0.0544346 0.9813122
994.000000 -0.1972259 -0.4124894 4.5348325 0.0464654 0.2021522 0.0591899 0.9764589
1001.000000 -0.1956600 -0.4192579 4.5266047 0.0494749 0.2105960 0.0599528 0.9744779
1012.000000 -0.1711861 -0.4423580 4.5818901 0.0468745 0.1844910 0.0681228 0.9793494
1129.000000 -0.2252801 -0.4668758 5.0686707 0.0642324 -0.0399856 0.0358021 0.9964907
1159.000000 -0.2253919 -0.4785222 5.2185349 0.0571942 0.0950644 0.0489808 0.9926190
1180.000000 -0.1809087 -0.4884739 5.3536830 0.0643562 0.1261162 0.0536253 0.9884722
1206.000000 -0.2103574 -0.5091601 5.4641519 0.0595212 0.0880990 0.0575018 0.9926678
1223.000000 -0.2498220 -0.5058796 5.5011578 0.0567270 -0.0011901 0.0402239 0.9975784
1257.000000 -0.2294641 -0.5231440 5.6668134 0.0596956 -0.1190595 0.0323179 0.9905639
1285.000000 -0.2409821 -0.5377923 5.8507600 0.0623403 -0.0510979 0.0288046 0.9963298
1307.000000 -0.2587446 -0.5453389 5.8793135 0.0599749 0.0254597 0.0479183 0.9967239
1320.000000 -0.2284613 -0.5571897 5.9980516 0.0640284 0.0518390 0.0524021 0.9952222
1327.000000 -0.2154066 -0.5577402 6.0394802 0.0666562 0.0739792 0.0551471 0.9935003
1341.000000 -0.2095434 -0.5617515 6.1111736 0.0597708 0.0911524 0.0640066 0.9919788
1371.000000 -0.2352388 -0.5771276 6.2618914 0.0587641 0.0507610 0.0662497 0.9947769
1397.000000 -0.2441225 -0.5682412 6.3808279 0.0731715 -0.0893780 0.0378389 0.9925854
1427.000000 -0.2545472 -0.6029518 6.5346479 0.0689078 -0.1810834 0.0239318 0.9807588
1456.000000 -0.2944230 -0.6209173 6.6650882 0.0680389 -0.0676988 0.0293933 0.9949490
1467.000000 -0.2793675 -0.6259694 6.7375712 0.0657722 -0.0166176 0.0378283 0.9969789
1477.000000 -0.2502951 -0.6251342 6.7895370 0.0652300 0.0279063 0.0496060 0.9962457
1484.000000 -0.2299274 -0.6284379 6.8347077 0.0707912 0.0523764 0.0580233 0.9944237
1499.000000 -0.2192963 -0.6349012 6.9031048 0.0645882 0.0839992 0.0602952 0.9925407
1514.000000 -0.2492171 -0.6597239 7.0051422 0.0671351 0.1091955 0.0716587 0.9891583
1520.000000 -0.2510950 -0.6483735 7.0245275 0.0659743 0.0659668 0.0667514 0.9933982
1528.000000 -0.2770249 -0.6536141 7.0295243 0.0713340 -0.0168985 0.0524764 0.9959278
1536.000000 -0.2766852 -0.6647680 7.0925083 0.0856431 -0.0933664 0.0537127 0.9904862
1537.000000 -0.2841055 -0.6530724 7.0854568 0.0900458 -0.1163498 0.0424998 0.9882046
1555.000000 -0.2610496 -0.6550785 7.1873870 0.0872120 -0.1819156 0.0393024 0.9786502
1590.000000 -0.3011675 -0.6817051 7.3950520 0.0776758 -0.0440596 0.0412004 0.9951521
1617.000000 -0.2779551 -0.6998313 7.5600266 0.0615634 0.0929829 0.0623184 0.9918067
1629.000000 -0.2499054 -0.7007319 7.6265626 0.0624356 0.1164135 0.0678016 0.9889148
1637.000000 -0.2332146 -0.7079755 7.6625967 0.0545928 0.1229738 0.0727806 0.9882308
1644.000000 -0.2348578 -0.7177083 7.6898112 0.0600500 0.0945768 0.0787596 0.9905787
1654.000000 -0.2707406 -0.7215185 7.7377825 0.0749193 0.0368761 0.0687471 0.9941334
1671.000000 -0.2905925 -0.7223769 7.8068171 0.0759155 -0.0445083 0.0434242 0.9951735
1680.000000 -0.2895331 -0.7172691 7.8503199 0.0796661 -0.1062922 0.0435179 0.9901826
1688.000000 -0.2745762 -0.7364101 7.9095502 0.0817134 -0.1471064 0.0346525 0.9851304
1696.000000 -0.2600220 -0.7325025 7.9488106 0.0874084 -0.1731084 0.0330944 0.9804581
1703.000000 -0.2622046 -0.7290270 7.9804068 0.0838495 -0.2054008 0.0370258 0.9743761
1709.000000 -0.2551888 -0.7456069 7.9997592 0.0770478 -0.2270624 0.0198398 0.9706249
1719.000000 -0.2714573 -0.7634051 8.0796595 0.0789811 -0.1841670 0.0183365 0.9795449
1724.000000 -0.2758333 -0.7653285 8.0997725 0.0760446 -0.1548284 0.0232573 0.9847357
1742.000000 -0.2941609 -0.7658362 8.1938057 0.0690904 -0.0258191 0.0417349 0.9964026
1753.000000 -0.2838535 -0.7543494 8.2381783 0.0606251 0.0345780 0.0518646 0.9962124
1791.000000 -0.2698406 -0.7650734 8.4497728 0.0481204 0.1113266 0.0532916 0.9911866
1801.000000 -0.2700880 -0.7905718 8.5145149 0.0499762 0.1260186 0.0628305 0.9887740
1808.000000 -0.2748074 -0.7980977 8.5473824 0.0473261 0.0730382 0.0528719 0.9948016
1815.000000 -0.2923384 -0.7957833 8.5715075 0.0477425 0.0279354 0.0464848 0.9973863
1832.000000 -0.2783556 -0.8027030 8.6802349 0.0603622 -0.0662735 0.0304170 0.9955094
1851.000000 -0.2781559 -0.8094844 8.7730675 0.0618801 -0.1269996 0.0290480 0.9895445
1878.000000 -0.3097471 -0.8314649 8.9309311 0.0690774 -0.1551082 0.0241100 0.9851845
1905.000000 -0.2933409 -0.8391172 9.0887337 0.0711979 -0.2254882 0.0164817 0.9715011
1921.000000 -0.3134030 -0.8674616 9.2012348 0.0649212 -0.2127669 0.0115308 0.9748757
1928.000000 -0.3240262 -0.8849387 9.2582140 0.0728902 -0.1614670 0.0120735 0.9841086
1941.000000 -0.3315147 -0.8583425 9.3516426 0.0829956 -0.0465993 0.0239670 0.9951712
2005.000000 -0.2746187 -0.9020560 9.7407150 0.0753674 0.2037588 0.0641492 0.9740057
2024.000000 -0.2838274 -0.9412618 9.8201704 0.0672227 0.0489154 0.0590478 0.9947873
2029.000000 -0.2937497 -0.9266676 9.8430386 0.0675660 -0.0081039 0.0434017 0.9967374
2034.000000 -0.3118549 -0.9258224 9.8769159 0.0821775 -0.0380426 0.0424117 0.9949879
2048.000000 -0.3285718 -0.9556087 9.9339724 0.0808465 -0.1551230 0.0309401 0.9840952
2070.000000 -0.3974193 -0.9615685 10.0612602 0.0902704 -0.1839639 0.0350434 0.9781516
2079.000000 -0.4008327 -0.9525408 10.1029501 0.0815683 -0.1942050 0.0275720 0.9771749
2096.000000 -0.4218258 -1.0235524 10.2165451 0.0776350 -0.1617523 0.0241782 0.9834757
2100.000000 -0.4556788 -1.0409052 10.2541981 0.0778702 -0.1153438 0.0322412 0.9897437
2105.000000 -0.4338542 -1.0221688 10.2893181 0.0864172 -0.0647425 0.0504540 0.9928721
2125.000000 -0.3734791 -1.0170716 10.4140949 0.0655827 0.0660412 0.0579331 0.9939725
2154.000000 -0.3419023 -0.9872270 10.5801640 0.0740942 0.2006753 0.0790091 0.9736514
2175.000000 -0.3210729 -0.9851844 10.6960440 0.0722177 0.1320496 0.0692960 0.9861773
2204.000000 -0.4208602 -0.9843311 10.8340454 0.0879880 -0.0428206 0.0460181 0.9941362
2211.000000 -0.4340303 -1.0105462 10.8502846 0.0826475 -0.0710157 0.0416616 0.9931719
2217.000000 -0.4242000 -1.0124065 10.8698311 0.0785081 -0.0937751 0.0353684 0.9918628
2228.000000 -0.4456562 -1.0397259 10.9317179 0.0836370 -0.1063388 0.0286727 0.9903913
2240.000000 -0.4138558 -1.0390726 11.0255489 0.0876813 -0.0958221 0.0301514 0.9910706
2260.000000 -0.3598748 -1.1136826 11.1100836 0.0581849 0.0104386 0.0551540 0.9967265
2289.000000 -0.3924289 -1.1006145 11.3075495 0.0567970 0.2050825 0.0718025 0.9744536
2326.000000 -0.3758523 -1.0178317 11.5113459 0.0853042 0.0522064 0.0536195 0.9935405
2330.000000 -0.3677061 -0.9852809 11.5148010 0.0925192 0.0155627 0.0448165 0.9945801
2334.000000 -0.3892552 -1.0443084 11.5330734 0.0803502 -0.0123495 0.0435023 0.9957404
2340.000000 -0.3883281 -1.0605423 11.5553608 0.0753886 -0.0288080 0.0334661 0.9961761
2351.000000 -0.4226441 -1.0445744 11.6229181 0.0856129 -0.0694235 0.0233281 0.9936330
2365.000000 -0.4311510 -1.0483179 11.6809378 0.0858698 -0.0937825 0.0266716 0.9915240
2370.000000 -0.4228862 -1.0573899 11.7071857 0.0897505 -0.0958188 0.0250693 0.9910273
2389.000000 -0.4006711 -1.0669880 11.7769518 0.0880148 -0.0912857 0.0288113 0.9915091
2432.000000 -0.4357621 -1.0860783 11.9292679 0.0975650 -0.0210200 0.0480576 0.9938459
2445.000000 -0.4513686 -1.1058718 11.9873276 0.0938066 0.0312846 0.0571310 0.9934574
2477.000000 -0.4447047 -1.1728677 12.1127424 0.0771740 0.1346471 0.0727226 0.9852034
2491.000000 -0.4205414 -1.1652639 12.1826277 0.0804908 0.2228708 0.0847075 0.9678195
2511.000000 -0.3805382 -1.1826349 12.2435713 0.0777763 0.3485543 0.0885213 0.9298520
2555.000000 -0.3391485 -1.1857207 12.4096222 0.0613214 0.5981368 0.0744514 0.7955683
2584.000000 -0.2375774 -1.1810310 12.4974031 0.0535720 0.6835441 0.0885876 0.7225301
2595.000000 -0.1849442 -1.1767581 12.5264482 0.0531975 0.7134127 0.0838149 0.6936767
2607.000000 -0.1647224 -1.1779666 12.5318270 0.0452013 0.7468753 0.0819517 0.6583449
2613.000000 -0.1374340 -1.1796639 12.5525675 0.0362654 0.7658804 0.0795921 0.6370064
2621.000000 -0.1066074 -1.1809187 12.5815964 0.0355277 0.7918190 0.0735987 0.6052634
2623.000000 -0.0987444 -1.1799580 12.5909519 0.0367805 0.8023094 0.0698150 0.5916694
2627.000000 -0.0855665 -1.1818002 12.6052666 0.0365246 0.8190524 0.0674303 0.5685704
2632.000000 -0.0725288 -1.1842526 12.6127090 0.0391389 0.8357643 0.0652859 0.5437866
2638.000000 -0.0564995 -1.1867799 12.6269646 0.0349434 0.8519034 0.0612280 0.5189322
2643.000000 -0.0468769 -1.1904361 12.6397820 0.0326851 0.8585446 0.0683479 0.5071108
2645.000000 -0.0424404 -1.1875935 12.6449594 0.0272540 0.8614948 0.0658471 0.5027405
2649.000000 -0.0286217 -1.1848918 12.6474133 0.0289278 0.8701667 0.0657232 0.4874973
2654.000000 -0.0129757 -1.1889565 12.6545343 0.0272268 0.8685825 0.0701144 0.4898032
2658.000000 0.0057354 -1.1955986 12.6605434 0.0333420 0.8594468 0.0725294 0.5049545
2660.000000 0.0109596 -1.1963232 12.6570530 0.0350521 0.8544709 0.0746707 0.5129085
2663.000000 0.0339527 -1.1906857 12.6649361 0.0292764 0.8368602 0.0694781 0.5422000
2667.000000 0.0429897 -1.1888742 12.6713314 0.0326636 0.8270889 0.0666812 0.5571451
2673.000000 0.0427427 -1.1667904 12.6967010 0.0349651 0.8065844 0.0649523 0.5864983
2678.000000 0.0587091 -1.1513208 12.6996393 0.0378144 0.7852775 0.0639218 0.6146733
2688.000000 0.1219273 -1.1530566 12.7279243 0.0323033 0.7353957 0.0575359 0.6744177
2701.000000 0.1445837 -1.1473422 12.7434330 0.0349076 0.6645797 0.0553933 0.7443433
2731.000000 0.2796650 -1.1635848 12.8748398 0.0362991 0.5581960 0.0420510 0.8278475
2764.000000 0.4568977 -1.1818730 12.9306488 0.0413172 0.5923632 0.0296229 0.8040654
2782.000000 0.5687180 -1.1680006 12.9089851 0.0418664 0.6824704 0.0345599 0.7288943
2794.000000 0.6527882 -1.1646860 12.9015484 0.0310511 0.7504678 0.0387029 0.6590417
2800.000000 0.7288179 -1.1695067 12.9091091 0.0316657 0.7858887 0.0375580 0.6164135
2802.000000 0.7666731 -1.1707290 12.9154320 0.0307236 0.7995964 0.0271745 0.5991355
2809.000000 0.7588425 -1.1371747 12.9201584 0.0372140 0.8404541 0.0372466 0.5393187
2811.000000 0.7729855 -1.1582705 12.9056683 0.0385650 0.8492083 0.0402379 0.5251085
2816.000000 0.8025093 -1.1574689 12.9152765 0.0306473 0.8733748 0.0428921 0.4841875
2818.000000 0.8019867 -1.1594450 12.9026918 0.0304625 0.8775082 0.0472169 0.4762583
2824.000000 0.8218575 -1.1473255 12.8914013 0.0193326 0.8867509 0.0474796 0.4593961
2825.000000 0.8385296 -1.1529181 12.8859978 0.0192776 0.8898171 0.0515554 0.4529858
2827.000000 0.8583546 -1.1639869 12.8782845 0.0138904 0.8885934 0.0534678 0.4553570
2830.000000 0.8715343 -1.1386087 12.8712540 0.0117573 0.8846775 0.0513332 0.4632196
2833.000000 0.9030018 -1.1425153 12.8719797 0.0231753 0.8730860 0.0545454 0.4839509
2835.000000 0.9430904 -1.1383641 12.8550930 0.0163289 0.8637603 0.0544404 0.5006873
2836.000000 0.9385586 -1.1338258 12.8538246 0.0162895 0.8635721 0.0537700 0.5010856
2840.000000 0.9555035 -1.1184678 12.8458195 0.0275671 0.8524718 0.0482111 0.5198149
2843.000000 0.9573746 -1.1266595 12.8462868 0.0309262 0.8377091 0.0518382 0.5427707
2845.000000 0.9450274 -1.1059432 12.8368731 0.0334343 0.8151695 0.0492008 0.5761598
2846.000000 0.9874325 -1.1497897 13.0483084 0.0304365 0.8274260 0.0504878 0.5584720
2847.000000 0.9753294 -1.1565588 13.0461636 0.0251288 0.8123526 0.0508600 0.5804008
2848.000000 1.0159092 -1.1964147 13.2619247 0.0201187 0.8254499 0.0491647 0.5619704
2851.000000 1.0433636 -1.1706319 13.1022701 0.0185057 0.7979141 0.0474195 0.6006181
2854.000000 1.0014238 -1.1474373 13.0786877 0.0311214 0.7622724 0.0490179 0.6446469
2856.000000 1.0095758 -1.1447432 13.0823441 0.0381827 0.7423680 0.0525296 0.6668376
2860.000000 1.0256834 -1.1465244 13.0881815 0.0349238 0.7082792 0.0487760 0.7033789
2871.000000 1.0950928 -1.1565247 13.1220636 0.0293376 0.6508058 0.0477113 0.7571756
2908.000000 1.3711176 -1.1330149 13.1467533 0.0466057 0.6014931 0.0447736 0.7962596
2924.000000 1.4779873 -1.1448600 13.1170883 0.0457295 0.6258886 0.0340118 0.7778275
2936.000000 1.5271006 -1.1401211 13.1081419 0.0497807 0.6832248 0.0408620 0.7273624
2953.000000 1.6157093 -1.1398926 13.0981655 0.0485977 0.7546424 0.0407454 0.6530643
2958.000000 1.6452808 -1.1413559 13.0964251 0.0459311 0.7845823 0.0354507 0.6173041
2961.000000 1.6613150 -1.1371804 13.0988398 0.0484202 0.7948892 0.0399423 0.6034992
2962.000000 1.7006826 -1.1868531 13.1869164 0.0425969 0.8189363 0.0420812 0.5707521
2964.000000 1.6824608 -1.1610148 13.1861553 0.0384920 0.8299142 0.0464401 0.5546209
2966.000000 1.6864033 -1.1645834 13.1779041 0.0322879 0.8380558 0.0511179 0.5422241
2967.000000 1.6770287 -1.1625308 13.1798649 0.0324233 0.8380154 0.0509381 0.5422954
2968.000000 1.7008877 -1.1549847 13.1682224 0.0277589 0.8424644 0.0511214 0.5356024
2969.000000 1.6950607 -1.1511586 13.1683426 0.0280223 0.8423582 0.0507500 0.5357909
2970.000000 1.7067890 -1.1525272 13.1665936 0.0255119 0.8497723 0.0494453 0.5242055
2971.000000 1.7026329 -1.1521389 13.1649256 0.0254030 0.8496432 0.0493711 0.5244271
2975.000000 1.6857815 -1.1202377 13.0965767 0.0265658 0.8637926 0.0503800 0.5006181
2982.000000 1.7563286 -1.1470048 13.1316957 0.0271202 0.9032537 0.0548292 0.4247247
2983.000000 1.7543831 -1.1457260 13.1331511 0.0269684 0.9034091 0.0542394 0.4244797
2985.000000 1.7752380 -1.1457733 13.1159010 0.0280060 0.9042602 0.0566581 0.4222784
2986.000000 1.7801609 -1.1406263 13.1132994 0.0281199 0.9051650 0.0545620 0.4206052
2988.000000 1.7842884 -1.1441338 13.1133299 0.0282405 0.9068172 0.0563960 0.4167789
2997.000000 1.8476505 -1.1471870 13.0811901 0.0323770 0.8796242 0.0712727 0.4691836
2999.000000 1.8466740 -1.1484650 13.0843782 0.0299268 0.8755550 0.0713030 0.4768896
3002.000000 1.8580112 -1.1285316 12.9976063 0.0275214 0.8514225 0.0686139 0.5192441
3005.000000 1.8762951 -1.1399497 13.0703449 0.0286370 0.8456793 0.0661560 0.5288004
3006.000000 1.8653107 -1.1335491 13.0903749 0.0274546 0.8370634 0.0636406 0.5426978
3007.000000 1.8780441 -1.1405410 13.0861111 0.0272510 0.8366394 0.0646884 0.5432378
3010.000000 1.8779116 -1.1081502 13.0159454 0.0314185 0.8105030 0.0597288 0.5818335
3014.000000 1.8656387 -1.0724523 13.0159035 0.0316266 0.7875375 0.0573126 0.6127803
3076.000000 2.2457790 -1.0949895 13.0716171 0.0246386 0.6500952 0.0351932 0.7586373
3121.000000 2.5211744 -1.0738759 13.0368891 0.0270664 0.7945096 0.0427959 0.6051366
3230.000000 3.1214390 -1.0340018 13.0707502 0.0194099 0.7116098 0.0378132 0.7012881
3255.000000 3.2639389 -1.0118498 13.0101547 0.0227050 0.7816609 0.0540667 0.6209409
3260.000000 3.3009138 -1.0019009 12.9997072 0.0215211 0.8029682 0.0534154 0.5932333
3272.000000 3.3851528 -0.9651864 13.0019598 0.0279610 0.8398027 0.0476098 0.5400767
3286.000000 3.4718552 -0.9569609 13.0076427 0.0351355 0.8528256 0.0558588 0.5180095
3293.000000 3.5177155 -0.9519194 12.9953871 0.0299129 0.8308817 0.0593725 0.5524634
3295.000000 3.5301285 -0.9360233 13.0107021 0.0318480 0.8212223 0.0583924 0.5667186
3297.000000 3.5442123 -0.9428318 13.0148392 0.0300095 0.8109279 0.0574972 0.5815406
3298.000000 3.5476360 -0.9396123 13.0077839 0.0258980 0.8005110 0.0582684 0.5959164
3302.000000 3.5678949 -0.9401553 13.0123920 0.0263937 0.7738661 0.0554609 0.6303639
3347.000000 3.8351207 -0.9622056 13.0714827 0.0329065 0.6402916 0.0428982 0.7662269
3381.000000 4.0618439 -0.9538891 13.0467424 0.0429776 0.7191707 0.0442174 0.6920919
3456.000000 4.4397984 -0.8814207 13.0309725 0.0370752 0.7117586 0.0518989 0.6995224
3476.000000 4.5715032 -0.8782421 13.0209904 0.0400122 0.6594041 0.0440612 0.7494290
3495.000000 4.6754599 -0.8677949 13.0258274 0.0314803 0.6465222 0.0463009 0.7608379
3498.000000 4.7060094 -0.8674276 13.0297050 0.0307320 0.6510940 0.0460374 0.7569760
3505.000000 4.7544270 -0.8681360 13.0388718 0.0421067 0.6514792 0.0493359 0.7558887
3506.000000 4.7656140 -0.8678724 13.0419941 0.0403310 0.6527030 0.0478343 0.7550259
3508.000000 4.7853212 -0.8714830 13.0458031 0.0320516 0.6572309 0.0452132 0.7516489
3510.000000 4.8003426 -0.8742113 13.0475445 0.0325448 0.6690187 0.0453381 0.7411472
3511.000000 4.8002238 -0.8742159 13.0481205 0.0325729 0.6691739 0.0453253 0.7410067
3512.000000 4.8133583 -0.8738662 13.0506516 0.0364194 0.6803900 0.0491061 0.7302956
3517.000000 4.8321333 -0.8737155 13.0462255 0.0360386 0.7015285 0.0505104 0.7099350
3524.000000 4.8655605 -0.8697242 13.0357170 0.0325853 0.7519947 0.0536735 0.6561717
3571.000000 5.1946011 -0.7669531 12.9073734 0.0238179 0.8823748 0.0543906 0.4667860
3626.000000 5.8294926 -0.8335371 13.1865845 0.0138477 0.8523663 0.0546782 0.5198945
3653.000000 5.7391520 -0.8157380 12.8717499 0.0118657 0.8540191 0.0547771 0.5172137
3679.000000 5.7662630 -0.8869596 13.0395823 0.0413505 -0.9805706 -0.0786045 -0.1749083
3706.000000 5.8333693 -0.8562666 12.9412260 0.0733722 -0.9945642 -0.0683128 0.0281426
3708.000000 5.8406992 -0.8584862 12.9453773 0.0699300 -0.9943005 -0.0666187 0.0451477
3718.000000 5.8609881 -0.8600059 12.9200106 0.0739449 -0.9910884 -0.0697613 0.0860773
3724.000000 5.8817434 -0.8589453 12.9154835 0.0708980 -0.9934763 -0.0789308 0.0418114
3727.000000 5.8959222 -0.8544502 12.9120522 0.0680956 -0.9945337 -0.0773401 0.0168626
3739.000000 5.9764376 -0.8460053 12.9506369 0.0757919 -0.9849835 -0.0916274 -0.1251699
3748.000000 6.0377493 -0.8254775 12.9254036 0.0621930 -0.9743606 -0.0853874 -0.1986516
3762.000000 6.1065674 -0.8131340 12.8787794 0.0513663 -0.9481960 -0.0884390 -0.3007732
3790.000000 6.2837448 -0.8108051 12.8127260 0.0693691 -0.9578982 -0.0852602 -0.2652351
3791.000000 6.2951584 -0.8043030 12.8155937 0.0674001 -0.9659544 -0.0841013 -0.2351944
3799.000000 6.3208838 -0.7732130 12.7839766 0.0561994 -0.9908583 -0.0758720 -0.0963588
3819.000000 6.3074474 -0.7264560 12.6790876 0.0800235 -0.9905896 -0.0506958 0.0987850
3832.000000 6.2862873 -0.7064806 12.5730429 0.0886029 -0.9700788 -0.0206362 0.2251019
3838.000000 6.2701941 -0.7068834 12.5398350 0.0973024 -0.9542684 -0.0140415 0.2823241
3846.000000 6.2544684 -0.6971676 12.5067787 0.1026822 -0.9305373 -0.0120153 0.3513009
3888.000000 6.3143868 -0.6839530 12.2617989 0.0946564 -0.9497423 -0.0294403 0.2969226
3891.000000 6.3110747 -0.6871115 12.2283087 0.0872863 -0.9617392 -0.0299341 0.2579590
3897.000000 6.3168039 -0.6764851 12.1915941 0.0893435 -0.9783498 -0.0459655 0.1809326
3903.000000 6.3267469 -0.6728579 12.1595345 0.0827264 -0.9887940 -0.0527699 0.1125083
3909.000000 6.3349557 -0.6570530 12.1339998 0.0840243 -0.9936867 -0.0562965 0.0485533
3913.000000 6.3435998 -0.6506603 12.1171970 0.0852291 -0.9945882 -0.0590929 0.0061977
3921.000000 6.3703842 -0.6434726 12.0943623 0.0816509 -0.9931703 -0.0699386 -0.0453255
3936.000000 6.4281311 -0.6206973 11.9959974 0.0789566 -0.9886905 -0.0773240 -0.1013801
3956.000000 6.4768305 -0.5984684 11.9374094 0.0636772 -0.9813076 -0.0855285 -0.1602046
3976.000000 6.5082340 -0.5790755 11.8153009 0.0558361 -0.9598107 -0.0896376 -0.2600210
3992.000000 6.4857111 -0.5756101 11.7147884 0.0653248 -0.9651081 -0.0924250 -0.2361286
4008.000000 6.4746809 -0.5633305 11.6362438 0.0625018 -0.9826022 -0.0769428 -0.1570548
4022.000000 6.4815168 -0.5540392 11.5378466 0.0729600 -0.9942422 -0.0565737 -0.0543948
4027.000000 6.4779844 -0.5476621 11.5191154 0.0789881 -0.9951468 -0.0565069 -0.0158340
4029.000000 6.4773941 -0.5462633 11.5027246 0.0786460 -0.9955119 -0.0524458 0.0044995
4036.000000 6.4452953 -0.5324264 11.4913979 0.0836824 -0.9932496 -0.0495243 0.0632447
4039.000000 6.4356380 -0.5273051 11.4773741 0.0865131 -0.9908980 -0.0467311 0.0919394
4057.000000 6.3544974 -0.5304102 11.3581781 0.0914074 -0.9845309 -0.0374121 0.1447200
4069.000000 6.3192158 -0.5283328 11.2956667 0.0992387 -0.9884969 -0.0526129 0.1012791
4075.000000 6.3271294 -0.5226802 11.2732487 0.0915242 -0.9911769 -0.0549187 0.0785851
4077.000000 6.3334322 -0.5128580 11.2576342 0.0905418 -0.9920470 -0.0606114 0.0630173
4081.000000 6.3424053 -0.5086815 11.2405672 0.0942771 -0.9923726 -0.0636008 0.0475763
4087.000000 6.3586264 -0.4987537 11.1976719 0.0981504 -0.9927741 -0.0644905 0.0246381
4094.000000 6.3754063 -0.4918846 11.1528816 0.0986137 -0.9931679 -0.0605635 0.0150003
4111.000000 6.4329948 -0.4703771 11.0900955 0.0851723 -0.9942044 -0.0607876 -0.0246603
4127.000000 6.4644079 -0.4513903 11.0240831 0.0786163 -0.9873831 -0.0795205 -0.1121188
4132.000000 6.4620361 -0.4454771 10.9983978 0.0711240 -0.9817354 -0.0793754 -0.1575961
4140.000000 6.4674921 -0.4538473 10.8851337 0.0759689 -0.9744570 -0.0813491 -0.1950507
4144.000000 6.4593697 -0.4360399 10.9407110 0.0698946 -0.9706976 -0.0835283 -0.2142055
4149.000000 6.4635019 -0.4277564 10.9144640 0.0685542 -0.9662469 -0.0880313 -0.2322019
4157.000000 6.4657402 -0.4263046 10.8764610 0.0672232 -0.9635555 -0.0977515 -0.2397635
4164.000000 6.4803505 -0.4145167 10.8061008 0.0806261 -0.9715593 -0.0968458 -0.2004814
4166.000000 6.4851379 -0.4091915 10.7835321 0.0801804 -0.9753840 -0.0907236 -0.1842998
4179.000000 6.4773064 -0.3967115 10.6940765 0.0782731 -0.9901506 -0.0811440 -0.0830112
4204.000000 6.4235420 -0.3759709 10.5345097 0.0866864 -0.9940526 -0.0598215 0.0276808
4218.000000 6.3740134 -0.3767773 10.4308672 0.0834627 -0.9937232 -0.0424324 0.0612192
4231.000000 6.3555946 -0.3825448 10.3914347 0.0905107 -0.9882429 -0.0484044 0.1133179
4242.000000 6.3407211 -0.3568553 10.2888889 0.1054374 -0.9839785 -0.0527473 0.1337423
4251.000000 6.3682270 -0.3449135 10.2426186 0.0990541 -0.9884778 -0.0493823 0.1032541
4261.000000 6.4139323 -0.3335191 10.2040482 0.0892810 -0.9934286 -0.0593220 0.0401179
4266.000000 6.4344306 -0.3208346 10.1926270 0.0781663 -0.9949420 -0.0625966 -0.0078857
4274.000000 6.4440928 -0.3215483 10.1510201 0.0722281 -0.9919203 -0.0579887 -0.0866864
4283.000000 6.4649706 -0.3119018 10.0764313 0.0644665 -0.9846363 -0.0446864 -0.1560081
4291.000000 6.4620886 -0.3082436 10.0302420 0.0614009 -0.9775250 -0.0339041 -0.1988097
4305.000000 6.4692745 -0.2944106 9.9429941 0.0655193 -0.9784387 -0.0469285 -0.1901648
4311.000000 6.4628687 -0.2872714 9.9018631 0.0684421 -0.9851564 -0.0425857 -0.1515550
4318.000000 6.4431429 -0.2799787 9.8565283 0.0862667 -0.9924500 -0.0297646 -0.0819463
4330.000000 6.4312510 -0.2646931 9.7728014 0.0981932 -0.9939033 -0.0105636 0.0490179
4345.000000 6.3642011 -0.2590915 9.7028027 0.1048317 -0.9833416 -0.0143979 0.1477917
4355.000000 6.3337674 -0.2655565 9.6081657 0.0975192 -0.9780644 -0.0185959 0.1831235
4368.000000 6.3024468 -0.2552375 9.5266991 0.0990183 -0.9863916 -0.0325920 0.1271408
4386.000000 6.3653431 -0.2034880 9.4300184 0.0892303 -0.9949038 -0.0462189 0.0082616
4399.000000 6.4335508 -0.1943280 9.3672676 0.0816638 -0.9945012 -0.0301508 -0.0582187
4411.000000 6.4979486 -0.2067614 9.3497753 0.0675151 -0.9899635 -0.0268739 -0.1212102
4421.000000 6.5040331 -0.1617256 9.3164835 0.0663218 -0.9821633 -0.0320536 -0.1730010
4426.000000 6.5128069 -0.1616652 9.3016405 0.0680684 -0.9759966 -0.0330641 -0.2042161
4433.000000 6.5397377 -0.1589217 9.2344027 0.0646555 -0.9693469 -0.0392894 -0.2337575
4441.000000 6.5199900 -0.1320275 9.1508465 0.0713950 -0.9698377 -0.0390534 -0.2297660
4445.000000 6.5256958 -0.1400577 9.1699505 0.0675426 -0.9760802 -0.0364912 -0.2034057
4446.000000 6.5094204 -0.1367682 9.1676826 0.0687995 -0.9757026 -0.0362825 -0.2048286
4447.000000 6.5121384 -0.1658964 9.1105347 0.0730783 -0.9781838 -0.0376116 -0.1907915
4449.000000 6.4916258 -0.1378379 9.1452847 0.0751196 -0.9807146 -0.0349013 -0.1770254
4451.000000 6.5070610 -0.1535936 9.0878563 0.0726039 -0.9836776 -0.0345432 -0.1609781
4453.000000 6.4887543 -0.1379181 9.1287899 0.0761750 -0.9844510 -0.0340665 -0.1545742
4455.000000 6.4856558 -0.1222535 9.1089897 0.0773522 -0.9866063 -0.0325921 -0.1398655
4456.000000 6.4892845 -0.1226608 9.0710335 0.0796705 -0.9886761 -0.0336217 -0.1226449
4462.000000 6.4670229 -0.1094824 9.0528660 0.0823550 -0.9926671 -0.0308463 -0.0829353
4469.000000 6.4667296 -0.0971237 9.0050583 0.0917044 -0.9955080 -0.0208042 -0.0110137
4502.000000 6.4364638 -0.1011505 8.8534880 0.0952453 -0.9901421 -0.0255968 0.0994573
4516.000000 6.4469557 -0.0985382 8.6927834 0.0801146 -0.9960092 -0.0314686 -0.0236012
4519.000000 6.4857159 -0.0861959 8.7099247 0.0843495 -0.9945339 -0.0304604 -0.0534758
4521.000000 6.4710951 -0.0898798 8.6775188 0.0838925 -0.9935712 -0.0301363 -0.0697866
4523.000000 6.4847536 -0.0869280 8.7022552 0.0847220 -0.9923463 -0.0307628 -0.0844080
4525.000000 6.4914703 -0.0861921 8.7254639 0.0822696 -0.9918132 -0.0324848 -0.0921030
4528.000000 6.5107632 -0.0717188 8.6889992 0.0829581 -0.9890004 -0.0416180 -0.1151696
4535.000000 6.5222130 -0.0469010 8.7421875 0.0793646 -0.9833516 -0.0580031 -0.1528283
4547.000000 6.5617104 -0.0103448 8.5813618 0.0912818 -0.9822769 -0.0537818 -0.1546196
4560.000000 6.5691538 0.0328752 8.5038929 0.0789931 -0.9910076 -0.0418283 -0.0995707
4587.000000 6.4969888 -0.0018869 8.3662138 0.0882703 -0.9911565 -0.0228343 0.0964142
4620.000000 6.4427538 -0.0046608 8.2268543 0.0946628 -0.9915256 -0.0374725 0.0806956
4628.000000 6.4650350 0.0179646 8.2233782 0.0950007 -0.9940213 -0.0535582 0.0052994
4651.000000 6.5831699 0.0514847 8.1381989 0.0763416 -0.9897637 -0.0435549 -0.1124401
4663.000000 6.6087275 0.0744532 8.0484343 0.0604907 -0.9831198 -0.0540461 -0.1639979
4678.000000 6.6066093 0.0797141 7.9605789 0.0742004 -0.9876980 -0.0432314 -0.1306827
4686.000000 6.5701742 0.1036438 7.8787456 0.0846322 -0.9935288 -0.0405168 -0.0640015
4697.000000 6.5302453 0.0904685 7.8651276 0.0887357 -0.9951767 -0.0271384 0.0318268
4706.000000 6.5075450 0.0958915 7.7832499 0.0939460 -0.9860356 -0.0175068 0.1363876
4727.000000 6.4920411 0.0907627 7.7196379 0.0928001 -0.9861330 -0.0338899 0.1333467
4737.000000 6.5233898 0.0831739 7.6918774 0.0913546 -0.9921062 -0.0370962 0.0774832
4762.000000 6.6385489 0.1277114 7.6275535 0.0707357 -0.9918936 -0.0626236 -0.0849811
4774.000000 6.6178312 0.1635363 7.5552821 0.0626775 -0.9864019 -0.0581518 -0.1403612
4807.000000 6.6014996 0.1980646 7.3509321 0.0693936 -0.9967362 -0.0369926 -0.0182515
4845.000000 6.5765734 0.2049591 7.1462364 0.0853705 -0.9882972 -0.0337206 0.1218338
4859.000000 6.5859885 0.2453194 7.0655894 0.0825975 -0.9956080 -0.0430424 0.0094682
4884.000000 6.6019888 0.2481916 6.9381065 0.0742239 -0.9859248 -0.0584945 -0.1379180
4889.000000 6.6099586 0.2470797 6.9188566 0.0713695 -0.9801320 -0.0646379 -0.1734056
4899.000000 6.6215525 0.2837703 6.8653378 0.0837535 -0.9807897 -0.0616149 -0.1650475
4905.000000 6.6276388 0.2921326 6.8099842 0.0884627 -0.9853398 -0.0528249 -0.1359759
4907.000000 6.6232319 0.2976319 6.8170519 0.0870210 -0.9863284 -0.0500916 -0.1306694
4909.000000 6.6348095 0.2962055 6.8064060 0.0880111 -0.9883626 -0.0486452 -0.1141361
4915.000000 6.6365995 0.3059568 6.7577462 0.0879400 -0.9906803 -0.0522814 -0.0899214
4917.000000 6.6376095 0.2966421 6.7508907 0.0855297 -0.9910979 -0.0531640 -0.0870812
4918.000000 6.6440773 0.3092890 6.7391191 0.0853776 -0.9917191 -0.0500653 -0.0818382
4923.000000 6.6432867 0.3131667 6.7078714 0.0824248 -0.9931054 -0.0470528 -0.0688036
4925.000000 6.6459484 0.3197033 6.7025113 0.0826647 -0.9942301 -0.0423616 -0.0536522
4932.000000 6.6388307 0.3281410 6.6789513 0.0833517 -0.9955834 -0.0411510 -0.0131495
4990.000000 6.5715289 0.3225282 6.3786898 0.0830415 -0.9949239 -0.0564577 0.0065564
4996.000000 6.5934215 0.3464860 6.3290286 0.0848068 -0.9942205 -0.0564841 -0.0338092
5001.000000 6.6132598 0.3580032 6.3079152 0.0914007 -0.9928185 -0.0587535 -0.0500545
5002.000000 6.6111684 0.3642463 6.2995601 0.0926530 -0.9925817 -0.0582653 -0.0529353
5007.000000 6.6334209 0.3759243 6.2745056 0.0904724 -0.9923453 -0.0530891 -0.0651702
5009.000000 6.6472359 0.3755815 6.2636757 0.0905454 -0.9921961 -0.0515162 -0.0685168
5012.000000 6.6580181 0.3701921 6.2650204 0.0903118 -0.9919691 -0.0545851 -0.0697247
5017.000000 6.6642990 0.3776917 6.2479658 0.0837499 -0.9910176 -0.0617188 -0.0840292
5031.000000 6.6791506 0.4026794 6.1861105 0.0910285 -0.9879928 -0.0724344 -0.1016730
5034.000000 6.6820288 0.4093355 6.1708236 0.0908731 -0.9883545 -0.0705683 -0.0995877
5036.000000 6.6786537 0.4104150 6.1489706 0.0880877 -0.9889885 -0.0695120 -0.0964905
5038.000000 6.6777191 0.4094560 6.1472731 0.0886396 -0.9889941 -0.0694273 -0.0959870
5039.000000 6.6763048 0.4085240 6.1435232 0.0904864 -0.9888539 -0.0706714 -0.0947938
5047.000000 6.6665001 0.4186417 6.0667868 0.0880209 -0.9912861 -0.0664868 -0.0719981
5049.000000 6.6636715 0.4233936 6.0513806 0.0937404 -0.9910731 -0.0687481 -0.0652737
5061.000000 6.6386452 0.4412243 5.9727554 0.0905133 -0.9942337 -0.0550509 -0.0166189
5067.000000 6.6370745 0.4416956 5.9425182 0.0911927 -0.9942762 -0.0544355 0.0116433
5115.000000 6.5929284 0.4710464 5.6002002 0.0899826 -0.9930295 -0.0653768 0.0390042
5142.000000 6.5888844 0.5021275 5.4555511 0.0894954 -0.9907904 -0.0606627 -0.0815171
5163.000000 6.5789294 0.5469210 5.2908874 0.0988665 -0.9936101 -0.0544026 -0.0022007
5176.000000 6.5514312 0.5580986 5.2036319 0.0986884 -0.9890174 -0.0348602 0.1043545
5189.000000 6.5094128 0.5630099 5.1181746 0.0951700 -0.9802751 -0.0422415 0.1679855
5203.000000 6.4641666 0.5520024 4.9906588 0.0703368 -0.9896879 -0.0394279 0.1183901
5216.000000 6.4925065 0.5536839 4.9138212 0.0730366 -0.9957452 -0.0536967 0.0165482
5229.000000 6.5343294 0.5976467 4.8317165 0.0757705 -0.9934199 -0.0631317 -0.0582245
5242.000000 6.5855885 0.6218889 4.7275066 0.0639395 -0.9926450 -0.0560766 -0.0861568
5256.000000 6.6305504 0.6411993 4.6618137 0.0693594 -0.9906077 -0.0620151 -0.1001985
5281.000000 6.6090097 0.6895574 4.4217348 0.0896832 -0.9943950 -0.0525034 -0.0194657
5301.000000 6.6032362 0.7541061 4.2513738 0.0996437 -0.9886261 -0.0319225 0.1080309
5328.000000 6.6169734 0.7183955 4.0973125 0.0921860 -0.9891043 -0.0565143 0.0999034
5347.000000 6.6044960 0.7449390 3.9354987 0.0842224 -0.9945041 -0.0511868 -0.0353296
5354.000000 6.6127143 0.7500456 3.9082649 0.0781251 -0.9927644 -0.0621579 -0.0667224
5358.000000 6.6126204 0.7582461 3.8745899 0.0713283 -0.9913168 -0.0672757 -0.0876205
5360.000000 6.6147242 0.7622915 3.8644271 0.0725837 -0.9901947 -0.0703508 -0.0964208
5363.000000 6.6204624 0.7798278 3.8470409 0.0752620 -0.9896241 -0.0691469 -0.1009874
5364.000000 6.6251636 0.7880243 3.8384852 0.0773150 -0.9892541 -0.0671863 -0.1043305
5366.000000 6.6357789 0.7928916 3.8180389 0.0800360 -0.9891116 -0.0654573 -0.1047279
5368.000000 6.6342154 0.7919589 3.8077757 0.0821638 -0.9884736 -0.0662134 -0.1085583
5372.000000 6.6409450 0.7930129 3.7686391 0.0863154 -0.9878538 -0.0664995 -0.1107811
5377.000000 6.6547537 0.8057271 3.7120304 0.0900372 -0.9879442 -0.0669112 -0.1066891
5379.000000 6.6607876 0.8130760 3.6873159 0.0927091 -0.9886254 -0.0605919 -0.1017523
5380.000000 6.6584334 0.8153082 3.6915383 0.0925417 -0.9886428 -0.0602138 -0.1019596
5381.000000 6.6603246 0.8145456 3.6826994 0.0924052 -0.9893440 -0.0572536 -0.0968600
5383.000000 6.6628938 0.8076423 3.6772051 0.0907734 -0.9901847 -0.0573407 -0.0894795
5385.000000 6.6658983 0.8081921 3.6718473 0.0898303 -0.9905909 -0.0579362 -0.0854615
5387.000000 6.6592236 0.8084375 3.6604891 0.0890629 -0.9914576 -0.0584197 -0.0752780
5391.000000 6.6571140 0.8203911 3.6434085 0.0939221 -0.9917894 -0.0606754 -0.0620562
5404.000000 6.6290936 0.8375807 3.5470726 0.0937425 -0.9941562 -0.0524919 0.0105126
5439.000000 6.5222096 0.8558123 3.2755427 0.1010148 -0.9774096 -0.0228373 0.1842417
5456.000000 6.5272837 0.8337330 3.1379161 0.0946144 -0.9783784 -0.0331731 0.1808960
5466.000000 6.5900564 0.8625277 3.1321225 0.0915962 -0.9892446 -0.0468566 0.1039693
5473.000000 6.5991058 0.8617469 3.0906758 0.0961710 -0.9926441 -0.0657366 0.0329781
5475.000000 6.6024609 0.8661890 3.0816393 0.0944713 -0.9930962 -0.0679634 0.0146969
5477.000000 6.6114564 0.8729859 3.0793374 0.0946297 -0.9932150 -0.0675896 -0.0009483
5479.000000 6.6152816 0.8754774 3.0676842 0.0936007 -0.9930382 -0.0696342 -0.0162814
5480.000000 6.6177616 0.8760649 3.0670886 0.0936300 -0.9930452 -0.0695780 -0.0159250
5481.000000 6.6223955 0.8835437 3.0549078 0.0956125 -0.9924718 -0.0711511 -0.0282067
5482.000000 6.6226816 0.8830755 3.0513864 0.0957261 -0.9924484 -0.0713185 -0.0282193
5484.000000 6.6170273 0.8899589 3.0259352 0.0949687 -0.9922569 -0.0708136 -0.0373171
5533.000000 6.5844145 0.9586332 2.6419156 0.1086514 -0.9912431 -0.0733405 -0.0159097
5540.000000 6.5823622 0.9651785 2.5989463 0.1026512 -0.9914311 -0.0603975 0.0536592
5554.000000 6.5886497 0.9746107 2.5148144 0.0985142 -0.9849234 -0.0531075 0.1319112
5566.000000 6.5821409 0.9887198 2.4257693 0.0998584 -0.9816002 -0.0491603 0.1551537
5577.000000 6.5943623 0.9750648 2.3542466 0.0926125 -0.9884678 -0.0441640 0.1113735
5584.000000 6.6203980 0.9889811 2.3301873 0.0916645 -0.9930390 -0.0486407 0.0557250
5679.000000 6.6134958 1.1732082 1.7632176 0.0788398 -0.9954725 -0.0485169 -0.0215624
5689.000000 6.5759916 1.2128465 1.7057304 0.0819218 -0.9951073 -0.0377251 0.0403379
5694.000000 6.5455341 1.2162476 1.6592109 0.0858089 -0.9926311 -0.0295861 0.0802816
5723.000000 6.6648192 1.1556334 1.5408649 0.0940214 -0.9922092 -0.0730779 0.0366128
5762.000000 6.6925445 1.2418993 1.2809801 0.0807108 -0.9953976 -0.0500158 -0.0129577
5773.000000 6.6568537 1.2796373 1.2247460 0.0793144 -0.9953452 -0.0398786 0.0375077
5776.000000 6.6658158 1.2739700 1.2086160 0.0805888 -0.9945705 -0.0368958 0.0545318
5782.000000 6.6614013 1.2850072 1.1610796 0.0828152 -0.9910089 -0.0241336 0.1022774
5786.000000 6.6647058 1.2759072 1.1306224 0.0858859 -0.9869085 -0.0215843 0.1347941
5789.000000 6.6557379 1.2865171 1.1163058 0.0833992 -0.9847851 -0.0147541 0.1517402
5792.000000 6.6706505 1.3065099 1.0900679 0.0832523 -0.9804270 -0.0084080 0.1782168
5795.000000 6.6722832 1.3094637 1.0697684 0.0843701 -0.9761456 -0.0071969 0.1999241
5798.000000 6.6752481 1.3298594 1.0409312 0.0783760 -0.9702187 0.0003156 0.2292004
5807.000000 6.6808224 1.3496270 1.0026937 0.0771245 -0.9565924 0.0045341 0.2810021
5843.000000 6.6221457 1.3438767 0.7227869 0.0733682 -0.9059919 0.0205268 0.4163827
5848.000000 6.5736437 1.3312110 0.6795378 0.0726462 -0.8850451 0.0265161 0.4590367
5854.000000 6.6589351 1.3663290 1.0257721 0.0730252 -0.8788087 0.0315486 0.4704969
5856.000000 6.6140623 1.0730438 0.9341087 0.0606804 -0.8632819 0.0210094 0.5006205
5858.000000 6.6822133 1.0059539 1.0232983 0.0584238 -0.8561760 0.0224623 0.5128789
5860.000000 6.6313887 1.3568649 0.6480484 0.0715074 -0.8353534 0.0473611 0.5429810
5873.000000 6.6007395 1.3715644 0.6051941 0.0723087 -0.8095572 0.0529541 0.5801590
5876.000000 6.6171570 1.3938646 0.5599880 0.0722103 -0.8042771 0.0554745 0.5872365
5892.000000 6.5404701 1.3336579 0.5068836 0.0758329 -0.7487339 0.0622837 0.6555667
5895.000000 6.4770694 1.3573611 0.5132089 0.0741102 -0.7285150 0.0781315 0.6765124
5897.000000 6.4870791 1.4321642 0.5353827 0.0759056 -0.7182223 0.0864814 0.6862332
5898.000000 6.5031028 1.3501309 0.5026388 0.0706358 -0.7171506 0.0833592 0.6883000
5899.000000 6.4522738 1.3563354 0.4465265 0.0761007 -0.7026213 0.0862586 0.7022047
5901.000000 6.5013585 1.3242934 0.4542880 0.0764882 -0.6975627 0.0836273 0.7075043
5902.000000 6.4899111 1.3470824 0.4800911 0.0736664 -0.6896797 0.0886447 0.7148827
5904.000000 6.4703541 1.3333795 0.4517078 0.0749331 -0.6778668 0.0899483 0.7258037
5929.000000 6.3842983 1.3360581 0.3812060 0.0805307 -0.5310285 0.0841367 0.8393120
5934.000000 6.4398646 1.2619328 0.4049909 0.0624116 -0.5228813 0.0873013 0.8456232
5941.000000 6.4422078 1.2959021 0.3474798 0.0770379 -0.5218580 0.0796254 0.8458068
5951.000000 6.4273748 1.3469058 0.3213382 0.0825127 -0.5282499 0.0609727 0.8428679
5955.000000 6.3036547 1.3204168 0.3966937 0.0827471 -0.5469016 0.0564878 0.8311804
5960.000000 6.2025476 1.5027468 0.3087847 0.0928205 -0.5661128 0.0690714 0.8161678
5961.000000 6.2447000 1.3506310 0.3049355 0.0855191 -0.5670593 0.0604503 0.8169921
5984.000000 6.1435685 1.3457801 0.2368536 0.1112003 -0.6643260 0.0516617 0.7373171
5985.000000 6.1760550 1.3569663 0.2179408 0.1102072 -0.6633576 0.0529644 0.7382452
5988.000000 6.1198730 1.3082087 0.2290626 0.1083108 -0.6786518 0.0475577 0.7248716
5993.000000 6.1043177 1.3277172 0.2188978 0.1058614 -0.6930490 0.0476318 0.7114827
5996.000000 6.1120105 1.3314658 0.1984358 0.1037467 -0.7132621 0.0340551 0.6923397
6005.000000 6.0573802 1.3414042 0.1447072 0.1081181 -0.7394939 0.0328950 0.6636092
6014.000000 6.0237961 1.2915213 0.0941076 0.1127072 -0.7547625 0.0235613 0.6458139
6026.000000 5.9802456 1.3064077 0.0668559 0.1113278 -0.7839290 0.0272182 0.6101808
6027.000000 5.9615822 1.3424850 0.0156393 0.1167202 -0.7801986 0.0243597 0.6140628
6030.000000 5.7903867 1.2452621 -0.0204425 0.1112927 -0.7789482 0.0239122 0.6166700
6081.000000 5.6994982 1.2786009 0.0928645 0.1163996 -0.6196011 0.0571525 0.7741312
6100.000000 5.5773225 1.2387155 0.0651746 0.1060988 -0.5338392 0.0512050 0.8373392
6102.000000 5.5594373 1.2328198 0.0778263 0.1072862 -0.5273192 0.0569421 0.8409410
6107.000000 5.5227461 1.2088853 0.0529726 0.1025991 -0.5212698 0.0550134 0.8454140
6111.000000 5.4997554 1.2255254 0.0465555 0.1055961 -0.5204669 0.0576353 0.8453649
6114.000000 5.5071607 1.2412174 0.0322583 0.1085100 -0.5128589 0.0574419 0.8496481
6120.000000 5.4936209 1.2366167 0.0274291 0.1019033 -0.5074753 0.0594314 0.8535529
6122.000000 5.4951935 1.1851947 0.0222747 0.0987280 -0.5061634 0.0539181 0.8550698
6130.000000 5.4293647 1.2145883 0.0557988 0.0964190 -0.5173357 0.0482789 0.8489619
6134.000000 5.4000549 1.1875182 0.0203872 0.0910287 -0.5343547 0.0452972 0.8391227
6146.000000 5.2981243 1.1873333 0.0159788 0.1055294 -0.6180440 0.0443289 0.7777661
6148.000000 5.3001709 1.1851846 0.0170140 0.1029911 -0.6348768 0.0354690 0.7648962
6149.000000 5.2612643 1.2043254 0.0284266 0.1087225 -0.6470692 0.0308760 0.7540078
6153.000000 5.2585368 1.2044322 0.0130410 0.1093199 -0.6640603 0.0320937 0.7389473
6154.000000 5.2453890 1.1973679 -0.0095797 0.1091888 -0.6627254 0.0316097 0.7401848
6155.000000 5.2558613 1.2017262 -0.0021591 0.1080757 -0.6739763 0.0288810 0.7302338
6157.000000 5.2333107 1.2050211 -0.0071273 0.1081040 -0.6790665 0.0265740 0.7255867
6159.000000 5.2241712 1.2071260 -0.0209718 0.1062157 -0.6964614 0.0231359 0.7093126
6185.000000 5.0435138 1.1612421 -0.1348376 0.1212580 -0.7544993 0.0179478 0.6447521
6199.000000 4.9623976 1.1457247 -0.1535449 0.1136389 -0.7145646 0.0215107 0.6899427
6201.000000 4.9378510 1.1398742 -0.1590190 0.1122940 -0.7058092 0.0265194 0.6989422
6203.000000 4.9205961 1.1386862 -0.1590900 0.1097251 -0.6982259 0.0316759 0.7067090
6205.000000 4.9264359 1.1363660 -0.1554117 0.1095461 -0.6946690 0.0323553 0.7102026
6206.000000 4.9036813 1.1375942 -0.1454382 0.1106465 -0.6877788 0.0348594 0.7165909
6210.000000 4.8722763 1.1442757 -0.1416073 0.1109801 -0.6753967 0.0408716 0.7279095
6212.000000 4.8719130 1.1358727 -0.1385903 0.1101781 -0.6744804 0.0381399 0.7290284
6213.000000 4.8599877 1.1306180 -0.1354237 0.1087092 -0.6731130 0.0358757 0.7306259
6214.000000 4.8482509 1.1269808 -0.1266236 0.1079460 -0.6715087 0.0337467 0.7323148
6215.000000 4.8142109 1.1209834 -0.1196103 0.1065402 -0.6653916 0.0361138 0.7379696
6227.000000 4.7199860 1.0982897 -0.0881605 0.1077032 -0.6269243 0.0480722 0.7701006
6229.000000 4.7146788 1.1120566 -0.0999789 0.1053860 -0.6258233 0.0516152 0.7710868
6233.000000 4.6964655 1.0837480 -0.0839744 0.1007985 -0.6372101 0.0438678 0.7628096
6239.000000 4.6491227 1.1012994 -0.0982871 0.1038342 -0.6589194 0.0410388 0.7438814
6276.000000 4.4473720 1.0641915 -0.1827006 0.1118444 -0.7579319 0.0203975 0.6423503
6280.000000 4.4311204 1.0600584 -0.1923366 0.1083895 -0.7689548 0.0130241 0.6299133
6300.000000 4.3068628 1.0318737 -0.2018685 0.1106369 -0.7732763 0.0220908 0.6239512
6305.000000 4.2839651 1.0268795 -0.1864305 0.1128602 -0.7722391 0.0246077 0.6247430
6307.000000 4.2719054 1.0229714 -0.1850333 0.1141663 -0.7705230 0.0224896 0.6267013
6309.000000 4.2582631 1.0170655 -0.1813078 0.1127523 -0.7661146 0.0234288 0.6323024
6316.000000 4.2277570 1.0068706 -0.1768208 0.1131141 -0.7425537 0.0297222 0.6594966
6324.000000 4.1890860 1.0013545 -0.1545997 0.1069711 -0.7128366 0.0377306 0.6920965
6326.000000 4.1746216 1.0004619 -0.1520824 0.1064785 -0.7075282 0.0368206 0.6976463
6328.000000 4.1591992 0.9980806 -0.1495790 0.1081073 -0.7023196 0.0392872 0.7025073
6332.000000 4.1364036 0.9954382 -0.1553411 0.1137369 -0.6839572 0.0403138 0.7194729
6346.000000 4.0374184 0.9748541 -0.1579068 0.1158352 -0.6174415 0.0612386 0.7756275
6348.000000 4.0248961 0.9728533 -0.1604650 0.1158315 -0.6069714 0.0644353 0.7835923
6349.000000 4.0263681 0.9736797 -0.1599505 0.1158296 -0.6069939 0.0644766 0.7835718
6350.000000 4.0101786 0.9676173 -0.1545093 0.1158395 -0.5998889 0.0668079 0.7888290
6354.000000 3.9951081 0.9657032 -0.1654546 0.1151927 -0.5806676 0.0660325 0.8032407
6355.000000 3.9971120 0.9655082 -0.1638138 0.1154452 -0.5807388 0.0657022 0.8031800
6356.000000 3.9852147 0.9640911 -0.1601937 0.1128249 -0.5697181 0.0664527 0.8113420
6361.000000 3.9637430 0.9510831 -0.1566312 0.1028810 -0.5585964 0.0652957 0.8204401
6362.000000 3.9632933 0.9506802 -0.1554370 0.1029005 -0.5587007 0.0652145 0.8203731
6365.000000 3.9457150 0.9577700 -0.1561759 0.1006257 -0.5482134 0.0641826 0.8277784
6369.000000 3.9058609 0.9413979 -0.1488316 0.0909848 -0.5304552 0.0739613 0.8395646
6373.000000 3.8930326 0.9394849 -0.1495345 0.0919080 -0.5237793 0.0702397 0.8439637
6375.000000 3.8747952 0.9340364 -0.1432292 0.0892739 -0.5210216 0.0697524 0.8459914
6383.000000 3.8013327 0.9206922 -0.1321609 0.0912111 -0.5124850 0.0762357 0.8504280
6386.000000 3.7701087 0.9144679 -0.1237717 0.0915324 -0.5106409 0.0746508 0.8516425
6389.000000 3.7541599 0.9112329 -0.1154157 0.0931653 -0.5088578 0.0737602 0.8526097
6390.000000 3.7475362 0.9024624 -0.1125900 0.0963347 -0.5086414 0.0704391 0.8526675
6392.000000 3.7409961 0.8943672 -0.1130654 0.0971008 -0.5111951 0.0680372 0.8512473
6393.000000 3.7334619 0.8721341 -0.0923464 0.0968570 -0.5240979 0.0648175 0.8436462
6395.000000 3.7210240 0.8707545 -0.0789323 0.0977341 -0.5435379 0.0599925 0.8315140
6396.000000 3.7166414 0.8688418 -0.0920959 0.0972938 -0.5424787 0.0600731 0.8322511
6398.000000 3.7111411 0.8746088 -0.1065814 0.0981822 -0.5583851 0.0519525 0.8221115
6409.000000 3.6526251 0.8726248 -0.1312041 0.1012352 -0.6406264 0.0486395 0.7595944
6411.000000 3.6495929 0.8913567 -0.1429560 0.1019334 -0.6544954 0.0477363 0.7476407
6420.000000 3.6075521 0.8876730 -0.2203405 0.1138315 -0.6964668 0.0264260 0.7080099
6421.000000 3.6060855 0.8915712 -0.2222185 0.1144486 -0.6961958 0.0264619 0.7081756
6435.000000 3.5546634 0.8826466 -0.2730608 0.1067804 -0.7352666 0.0110733 0.6692222
6437.000000 3.5531943 0.8805528 -0.2755613 0.1054230 -0.7392669 0.0097466 0.6650380
6439.000000 3.5471106 0.8866104 -0.2830019 0.1043294 -0.7400434 0.0085047 0.6643635
6440.000000 3.5365703 0.8868687 -0.2906346 0.1017962 -0.7452215 0.0138908 0.6588547
6444.000000 3.5162632 0.8862314 -0.2843966 0.0993135 -0.7561806 0.0130070 0.6466519
6445.000000 3.5142925 0.8893136 -0.2863545 0.0996156 -0.7559782 0.0133295 0.6468354
6446.000000 3.4941216 0.8829094 -0.2844658 0.1025377 -0.7588532 0.0119416 0.6430282
6458.000000 3.4248700 0.8597047 -0.2724009 0.1043320 -0.7714865 0.0184960 0.6273608
6460.000000 3.4192915 0.8530351 -0.2758355 0.1032120 -0.7699490 0.0189715 0.6294172
6466.000000 3.3847873 0.8478512 -0.2833836 0.1020304 -0.7568364 0.0267534 0.6450371
6486.000000 3.3093266 0.8372375 -0.2632401 0.1020886 -0.6910140 0.0606741 0.7130191
6487.000000 3.3006275 0.8301873 -0.2569659 0.1019184 -0.6813045 0.0575002 0.7225860
6489.000000 3.2825229 0.8416000 -0.2639763 0.1048258 -0.6642375 0.0596197 0.7377300
6519.000000 3.1337347 0.7765264 -0.2432714 0.1002101 -0.5881386 0.0500126 0.8009679
6521.000000 3.1227961 0.7749019 -0.2385318 0.0995310 -0.6027803 0.0482694 0.7902022
6525.000000 3.1129565 0.7931097 -0.2669325 0.1034465 -0.6156893 0.0388824 0.7802010
6527.000000 3.1036952 0.7893687 -0.2732863 0.1015575 -0.6230665 0.0364461 0.7746909
6531.000000 3.0824568 0.7933008 -0.2699313 0.0998124 -0.6445284 0.0375392 0.7571073
6533.000000 3.0688088 0.7923918 -0.2796309 0.1019189 -0.6538841 0.0362799 0.7488204
6538.000000 3.0335231 0.7842969 -0.2684278 0.1052314 -0.6855086 0.0293684 0.7198207
6539.000000 3.0502067 0.7852216 -0.2644548 0.1058833 -0.6872249 0.0297479 0.7180709
6545.000000 3.0029421 0.7793750 -0.3031850 0.1069497 -0.7025800 0.0262337 0.7030327
6548.000000 2.9720027 0.7789679 -0.3070805 0.1072512 -0.7129652 0.0295155 0.6923199
6550.000000 2.9797914 0.7809589 -0.3027673 0.1072621 -0.7147926 0.0294903 0.6904323
6551.000000 2.9542356 0.7838489 -0.3006473 0.1081222 -0.7207473 0.0331811 0.6839093
6573.000000 2.8918784 0.7624652 -0.3452835 0.0930593 -0.7988386 0.0096876 0.5942247
6599.000000 2.7321367 0.6900174 -0.3744991 0.1067882 -0.7474724 0.0300697 0.6549634
6625.000000 2.4964228 0.6865203 -0.3744569 0.1074004 -0.6613396 0.0677014 0.7392642
6658.000000 2.2540331 0.6483999 -0.3368485 0.1065452 -0.5855723 0.0650459 0.8009508
6675.000000 2.1739092 0.6545081 -0.4078033 0.1103685 -0.6805041 0.0431116 0.7231005
6691.000000 2.1259522 0.6048090 -0.4248955 0.1096963 -0.7474684 0.0223196 0.6547974
6702.000000 2.0213037 0.5745693 -0.4290121 0.1048467 -0.7732282 0.0275227 0.6247943
6731.000000 1.8202412 0.4232653 -0.4475263 0.0947864 -0.7266268 0.0216452 0.6801181
6745.000000 1.7218956 0.3979638 -0.4449500 0.0791190 -0.6661915 0.0353774 0.7407277
6759.000000 1.6363714 0.4200137 -0.4178425 0.0820165 -0.6179411 0.0456684 0.7806001
6784.000000 1.4286230 0.5633515 -0.3534877 0.1174176 -0.6446732 0.0679306 0.7523264
6798.000000 1.3844625 0.5075681 -0.3832508 0.1187816 -0.7070900 0.0350101 0.6961962
6814.000000 1.2613037 0.4821234 -0.4355471 0.1112009 -0.7300833 0.0426205 0.6729013
6835.000000 1.1523170 0.4044968 -0.4827400 0.0995287 -0.7478731 0.0238241 0.6559057
6863.000000 0.9209583 0.3131161 -0.4785096 0.0942279 -0.6929682 0.0431514 0.7134802
6875.000000 0.8048227 0.3095394 -0.4790265 0.0934176 -0.6285663 0.0439332 0.7708746
6897.000000 0.6369819 0.2952123 -0.4771894 0.0876906 -0.5266218 0.0715099 0.8425356
6911.000000 0.5169480 0.2346967 -0.4190517 0.0890128 -0.4285184 0.0606941 0.8970870
6914.000000 0.5043554 0.1510729 -0.4617966 0.0795807 -0.3980005 0.0362559 0.9132076
6916.000000 0.5393801 0.1485105 -0.5346937 0.0791602 -0.3706379 0.0455063 0.9242783
6949.000000 0.3881297 0.1277177 -0.3837941 0.0759376 -0.0771552 0.0490659 0.9929115
6980.000000 0.2748004 0.1249155 -0.2958010 0.0678719 0.0608343 0.0509757 0.9945321
6987.000000 0.2419105 0.1077255 -0.2381425 0.0684678 0.1071247 0.0626871 0.9899024
6991.000000 0.2266796 0.1020657 -0.2105689 0.0718271 0.1501387 0.0617556 0.9841166
7000.000000 0.2258441 0.0998918 -0.1587069 0.0717615 0.2092200 0.0691957 0.9727740
7007.000000 0.2212814 0.0940637 -0.1394959 0.0672684 0.2525429 0.0670463 0.9629132
7035.000000 0.0557267 0.1041372 -0.1421999 0.0774345 0.0436356 0.0640496 0.9939806
7039.000000 0.0332415 0.1112913 -0.1120153 0.0756808 -0.0161870 0.0601023 0.9951875
7050.000000 -0.0205694 0.0947563 -0.0954449 0.0662480 -0.1210437 0.0371944 0.9897354
7072.000000 -0.0702644 0.0512821 0.0483366 0.0643639 -0.1009702 0.0224594 0.9925512
7080.000000 -0.0647057 0.0531964 0.1045832 0.0747330 0.0353034 0.0366939 0.9959027
7082.000000 -0.0735430 0.0743091 0.0976216 0.0781976 0.0637324 0.0373238 0.9941983
7094.000000 -0.0503159 0.0644346 0.1718550 0.0677565 0.2425754 0.0488497 0.9665298
7099.000000 -0.0235147 0.0556547 0.2122993 0.0748157 0.3087156 0.0488620 0.9469477
7108.000000 -0.0076449 0.0364769 0.2420504 0.0729696 0.3828518 0.0558172 0.9192303
7144.000000 -0.0449269 -0.0153474 0.4020885 0.0581098 0.2159808 0.0621127 0.9726858
7147.000000 -0.0609042 -0.0239746 0.4172313 0.0705727 0.1678560 0.0625876 0.9812883
7179.000000 -0.2397150 -0.0006622 0.5989890 0.0492301 -0.0655045 0.0084942 0.9966009
7181.000000 -0.2452899 -0.0101861 0.6156978 0.0528142 -0.0416846 0.0022355 0.9977315
7183.000000 -0.2641007 0.0118989 0.5993394 0.0576881 -0.0069601 -0.0000215 0.9983104
7186.000000 -0.2592113 0.0202138 0.6144979 0.0638653 0.0325997 0.0023957 0.9974231
7190.000000 -0.2472830 0.0014383 0.6336221 0.0576370 0.1204081 0.0198199 0.9908517
7222.000000 -0.0984465 -0.0908146 0.8211439 0.0456534 0.3881215 0.0583026 0.9186285
7229.000000 -0.0988650 -0.0603875 0.8612390 0.0588407 0.3013978 0.0439037 0.9506680
7232.000000 -0.1303102 -0.0583308 0.8720301 0.0590781 0.2083112 0.0502699 0.9749817
7240.000000 -0.1785739 -0.0456225 0.9061254 0.0676433 0.0878258 0.0527910 0.9924334
7243.000000 -0.2095176 -0.0207769 0.9187264 0.0717814 0.0380990 0.0427636 0.9957747
7246.000000 -0.2263665 -0.0171754 0.9326178 0.0747928 0.0144314 0.0475985 0.9959579
7250.000000 -0.2618512 -0.0254457 0.9499640 0.0804769 -0.0185079 0.0342355 0.9959964
7272.000000 -0.3030186 -0.0357748 1.0154377 0.0774493 -0.0903216 0.0359262 0.9922464
7297.000000 -0.2967703 -0.0597449 1.1993937 0.1026044 -0.1673207 0.0226468 0.9802874
7315.000000 -0.2975674 -0.0570104 1.3509271 0.0667851 -0.1055025 0.0247643 0.9918648
7317.000000 -0.2997247 -0.0520870 1.3372943 0.0722627 -0.0879044 0.0261043 0.9931614
7319.000000 -0.2907709 -0.0479232 1.3814551 0.0744468 -0.0703930 0.0272671 0.9943636
7321.000000 -0.3014636 -0.0428227 1.3737310 0.0771927 -0.0444333 0.0244104 0.9957265
7324.000000 -0.2824582 -0.0630553 1.4234565 0.0878717 -0.0176118 0.0286929 0.9955627
7330.000000 -0.2643776 -0.0718581 1.4701372 0.0920782 0.0568808 0.0228812 0.9938625
7349.000000 -0.1994466 -0.0814405 1.5807122 0.0768157 0.2033100 0.0411920 0.9752269
7371.000000 -0.1017603 -0.1140468 1.7212859 0.0732833 0.1644196 0.0398784 0.9828558
7380.000000 -0.1031569 -0.1124092 1.7597919 0.0725143 0.0583664 0.0315375 0.9951585
7394.000000 -0.1502578 -0.0982068 1.7884761 0.0702742 -0.0409492 0.0315946 0.9961860
7410.000000 -0.2214961 -0.1196369 1.8875338 0.0861502 -0.1215848 0.0247437 0.9885257
7443.000000 -0.2533239 -0.1394873 2.0734599 0.0768409 -0.1502879 0.0309495 0.9851655
7445.000000 -0.2459483 -0.1462326 2.0934041 0.0779103 -0.1381824 0.0306489 0.9868618
7447.000000 -0.2356015 -0.1514196 2.1123705 0.0809594 -0.1232825 0.0332369 0.9885051
7449.000000 -0.2286369 -0.1557824 2.1370096 0.0840918 -0.1056719 0.0337313 0.9902647
7451.000000 -0.2143641 -0.1572366 2.1470482 0.0843619 -0.0878271 0.0317019 0.9920506
7456.000000 -0.1916033 -0.1601567 2.1748250 0.0826343 -0.0503623 0.0302531 0.9948467
7458.000000 -0.1773004 -0.1449725 2.1912901 0.0846971 -0.0149155 0.0310854 0.9958100
7462.000000 -0.1659025 -0.1379360 2.1838384 0.0780313 0.0190805 0.0309909 0.9962865
7464.000000 -0.1549199 -0.1351656 2.1964314 0.0765390 0.0403144 0.0329949 0.9957047
7468.000000 -0.1367292 -0.1370420 2.2197845 0.0797831 0.0842087 0.0424015 0.9923435
7483.000000 -0.0924895 -0.1382008 2.3226767 0.0630691 0.2283597 0.0351577 0.9708955
7491.000000 -0.0812857 -0.1494956 2.3747110 0.0567902 0.2628628 0.0405905 0.9623048
7500.000000 -0.0988300 -0.1712754 2.4098048 0.0538787 0.2421360 0.0528005 0.9673052
7520.000000 -0.1274857 -0.1767302 2.5116661 0.0574916 0.1220357 0.0348459 0.9902464
7522.000000 -0.1311977 -0.1761833 2.5259733 0.0559357 0.1079978 0.0334218 0.9920135
7525.000000 -0.1292571 -0.1775572 2.5503395 0.0637978 0.0861467 0.0374426 0.9935324
7529.000000 -0.1298701 -0.1778682 2.5753486 0.0712225 0.0652334 0.0413901 0.9944641
7537.000000 -0.1317632 -0.1864625 2.6080239 0.0753489 0.0247429 0.0391255 0.9960821
7539.000000 -0.1303213 -0.1884493 2.6201859 0.0745571 0.0174277 0.0382144 0.9963319
7549.000000 -0.1745527 -0.1853712 2.6288228 0.0784531 -0.0909475 0.0496255 0.9915195
7550.000000 -0.1715532 -0.1841152 2.6473765 0.0786824 -0.0911426 0.0496968 0.9914799
7555.000000 -0.1982126 -0.1881407 2.6670721 0.0738158 -0.1388394 0.0382622 0.9868186
7564.000000 -0.2271086 -0.1957911 2.7087488 0.0703798 -0.1742001 0.0222590 0.9819397
7565.000000 -0.2328345 -0.1951769 2.7160530 0.0712181 -0.1759042 0.0211545 0.9815999
7566.000000 -0.2411713 -0.1962329 2.7260065 0.0719527 -0.1795205 0.0199104 0.9809173
7568.000000 -0.2457058 -0.1986013 2.7325935 0.0721834 -0.1823865 0.0169508 0.9804272
7570.000000 -0.2490036 -0.2030550 2.7396848 0.0705543 -0.1831646 0.0145852 0.9804387
7572.000000 -0.2541299 -0.2050057 2.7475951 0.0681352 -0.1815524 0.0124868 0.9809386
7574.000000 -0.2624966 -0.2058007 2.7608280 0.0675703 -0.1784414 0.0105528 0.9815710
7576.000000 -0.2636316 -0.2070574 2.7665920 0.0676020 -0.1747589 0.0102708 0.9822341
7579.000000 -0.2721480 -0.2108717 2.7804105 0.0658265 -0.1678029 0.0089023 0.9835801
7587.000000 -0.2738295 -0.2135271 2.8067698 0.0646634 -0.1356928 0.0081139 0.9886053
7590.000000 -0.2739417 -0.2174327 2.8231521 0.0600089 -0.1224445 0.0080030 0.9906272
7594.000000 -0.2721671 -0.2139527 2.8489747 0.0595216 -0.0967642 0.0101398 0.9934742
7599.000000 -0.2640504 -0.2187929 2.8896632 0.0676144 -0.0641060 0.0172234 0.9955009
7602.000000 -0.2569492 -0.2198363 2.9185214 0.0711767 -0.0444175 0.0166219 0.9963356
7604.000000 -0.2521743 -0.2232218 2.9299319 0.0743140 -0.0313266 0.0159091 0.9966158
7625.000000 -0.2027449 -0.2394875 3.0929494 0.0623210 0.0958076 0.0186669 0.9932716
7637.000000 -0.1867138 -0.2262152 3.1928701 0.0651422 0.1763985 0.0129851 0.9820751
7643.000000 -0.1857094 -0.2527397 3.2163742 0.0684196 0.1641743 0.0427413 0.9831271
7650.000000 -0.1940868 -0.2421976 3.2308517 0.0692969 0.1200830 0.0425268 0.9894289
7659.000000 -0.2096489 -0.2383546 3.2783499 0.0587178 0.0652571 0.0323773 0.9956131
7673.000000 -0.2170736 -0.2449165 3.3688540 0.0783976 -0.0362135 0.0340088 0.9956836
7679.000000 -0.2185834 -0.2494253 3.3855436 0.0843211 -0.0861653 0.0324379 0.9921761
7693.000000 -0.2448000 -0.2474379 3.4281027 0.0658126 -0.1607378 0.0232641 0.9845257
7701.000000 -0.2614413 -0.2628295 3.4940348 0.0633329 -0.1800889 0.0119920 0.9815361
7729.000000 -0.3092643 -0.2960269 3.6610970 0.0673530 -0.1652685 0.0262945 0.9835947
7740.000000 -0.2958864 -0.3013875 3.8080060 0.0653911 -0.1031912 0.0188003 0.9923317
7760.000000 -0.2242099 -0.3186391 3.9492564 0.0607591 0.0380678 0.0408217 0.9965906
7775.000000 -0.2035075 -0.3234001 4.0690536 0.0619123 0.1223177 0.0441868 0.9895720
7784.000000 -0.1994353 -0.3245864 4.1288872 0.0659817 0.1317566 0.0630221 0.9870739
7810.000000 -0.2322606 -0.3320771 4.2615333 0.0690411 0.0055558 0.0349516 0.9969859
